# id:                 53
# size:               9000
# coupling constant:  1.000000E+00
# inhomogenity Delta: 1.500000E+00
0.010000	563.559265
1.009999	604.630371
2.009999	728.355042
3.009998	950.622253
4.009997	1296.280029
5.010020	1798.467896
6.010043	2482.302979
7.010066	3329.464111
8.010088	4195.721191
9.010111	4771.746094
10.010134	4758.823730
11.010157	4178.447266
12.010180	3353.425293
13.010202	2560.543945
14.010225	1935.574219
15.010248	1502.361084
16.010271	1242.471924
17.010294	1129.557617
18.010317	1133.379395
19.010340	1205.490234
20.010363	1267.037354
21.010386	1237.768555
22.010408	1090.214233
23.010431	879.848206
24.010454	681.523621
25.010477	537.478699
26.010500	457.913940
27.010523	422.498077
28.010546	401.485718
29.010569	380.113434
30.010592	347.141174
31.010614	290.612671
32.010635	211.523819
33.010468	147.041855
34.010300	112.636086
35.010132	113.431572
36.009964	142.521591
37.009796	183.575821
38.009628	213.064453
39.009460	218.417664
40.009293	196.775436
41.009125	170.389374
42.008957	135.141205
43.008789	109.722893
44.008621	114.972015
45.008453	126.104118
46.008286	126.191681
47.008118	105.413284
48.007950	89.725777
49.007782	69.787781
50.007614	45.531391
51.007446	28.916901
52.007278	29.650747
53.007111	47.077198
54.006943	72.263474
55.006775	91.483315
56.006607	100.597115
57.006439	85.190521
58.006271	51.461163
59.006104	41.706036
60.005936	45.546764
61.005768	35.509666
62.005600	26.518322
63.005432	16.255051
64.005264	25.770260
65.005478	44.994347
66.005692	56.170963
67.005905	56.717396
68.006119	54.441944
69.006332	52.515182
70.006546	46.601685
71.006760	33.825314
72.006973	29.875608
73.007187	17.619215
74.007401	-6.392009
75.007614	-26.240828
76.007828	-24.897892
77.008041	-8.192699
78.008255	-1.295204
79.008469	0.298771
80.008682	-15.717179
81.008896	-7.460069
82.009109	-0.466057
83.009323	-12.238190
84.009537	-45.430820
85.009750	-55.819466
86.009964	-66.700310
87.010178	-71.597939
88.010391	-66.069855
89.010605	-62.483532
90.010818	-61.087208
91.011032	-68.396690
92.011246	-72.153305
93.011459	-66.136360
94.011673	-39.540123
95.011887	-15.692354
96.012100	-3.045992
97.012314	3.241684
98.012527	14.362392
99.012741	9.939907
100.012955	-9.373110
101.013168	-28.916290
102.013382	-25.415686
103.013596	-29.922892
104.013809	-18.311966
105.014023	-25.736887
106.014236	-15.140985
107.014450	-10.125665
108.014664	14.470889
109.014877	20.612085
110.015091	24.637318
111.015305	17.111076
112.015518	23.931471
113.015732	46.840534
114.015945	56.248772
115.016159	34.098736
116.016373	-20.583096
117.016586	-40.669918
118.016800	-57.738106
119.017014	-55.627743
120.017227	-27.587666
121.017441	-4.769722
122.017654	-14.241978
123.017868	-32.704750
124.018082	-39.554306
125.018295	-46.639172
126.018509	-28.783588
127.018723	19.733072
128.018921	85.770744
129.018372	119.065674
130.017822	72.780945
131.017273	54.864441
132.016724	44.987713
133.016174	55.703339
134.015625	65.836540
135.015076	53.867130
136.014526	36.846081
137.013977	2.155834
138.013428	-5.594699
139.012878	7.414069
140.012329	35.019791
141.011780	67.813751
142.011230	106.723457
143.010681	118.742462
144.010132	92.964394
145.009583	47.627846
146.009033	45.127357
147.008484	24.833874
148.007935	30.333431
149.007385	35.094585
150.006836	37.482254
151.006287	42.055408
152.005737	-7.670039
153.005188	-50.674778
154.004639	-35.795410
155.004089	-19.146194
156.003540	-8.418472
157.002991	0.631976
158.002441	13.026122
159.001892	-18.102385
160.001343	-31.891624
161.000793	-7.852895
162.000244	2.930496
162.999695	-12.826190
163.999146	15.264501
164.998596	57.455963
165.998047	51.131195
166.997498	17.585835
167.996948	-18.364788
168.996399	-49.206467
169.995850	-45.538559
170.995300	-38.345242
171.994751	-17.014267
172.994202	-0.960967
173.993652	14.638783
174.993103	22.423222
175.992554	32.555367
176.992004	17.351116
177.991455	11.546461
178.990906	-0.009269
179.990356	-16.763838
180.989807	-29.183390
181.989258	-29.089340
182.988708	3.950714
183.988159	17.044081
184.987610	-1.764843
185.987061	1.024699
186.986511	0.614719
187.985962	-1.900378
188.985413	0.815549
189.984863	-1.899047
190.984314	14.088650
191.983765	0.238345
192.983215	-37.335854
193.982666	-45.342098
194.982117	-33.891308
195.981567	-17.552443
196.981018	-14.526647
197.980469	-23.265707
198.979919	-25.444601
199.979370	-10.726783
200.978821	15.821604
201.978271	26.059013
202.977722	3.629637
203.977173	-14.763900
204.976624	-28.062469
205.976074	1.767967
206.975525	-31.688656
207.974976	-45.685944
208.974426	-26.052500
209.973877	-20.710255
210.973328	-8.101580
211.972778	-0.557250
212.972229	-1.432529
213.971680	28.386467
214.971130	13.823658
215.970581	-8.491461
216.970032	31.152729
217.969482	20.546841
218.968933	15.210580
219.968384	11.101584
220.967834	24.083538
221.967285	42.178574
222.966736	45.539734
223.966187	35.735828
224.965637	7.793469
225.965088	-7.859629
226.964539	-9.646921
227.963989	-13.499654
228.963440	-8.527337
229.962891	-35.475006
230.962341	-28.566587
231.961792	-21.368124
232.961243	8.274300
233.960693	6.641709
234.960144	10.038568
235.959595	-1.753752
236.959045	-15.203686
237.958496	-21.587545
238.957947	-28.152067
239.957397	-23.381531
240.956848	-7.935608
241.956299	4.698791
242.955750	15.334585
243.955200	19.320576
244.954651	28.523426
245.954102	4.189624
246.953552	-4.261486
247.953003	1.108780
248.952454	-10.198128
249.951904	-11.459532
250.951355	-8.203357
251.950806	-9.468995
252.950256	-13.166063
253.949707	0.060948
254.949158	-16.406662
255.948608	-7.580544
256.949493	5.001270
257.950470	2.836888
258.951447	0.298358
259.952423	11.918021
260.953400	17.861713
261.954376	26.921856
262.955353	33.745869
263.956329	14.468135
264.957306	20.255714
265.958282	1.064607
266.959259	7.888900
267.960236	10.073250
268.961212	-0.071290
269.962189	-5.201103
270.963165	2.101149
271.964142	3.117357
272.965118	-4.965237
273.966095	4.763715
274.967072	7.794172
275.968048	19.023680
276.969025	24.857851
277.970001	15.177555
278.970978	12.834249
279.971954	4.624552
280.972931	3.368481
281.973907	-0.642839
282.974884	-9.900347
283.975861	-12.774814
284.976837	-10.013389
285.977814	-4.405811
286.978790	-10.955609
287.979767	-9.669683
288.980743	-5.086744
289.981720	2.117254
290.982697	4.490484
291.983673	10.348673
292.984650	2.253877
293.985626	-7.739222
294.986603	-0.233442
295.987579	0.099941
296.988556	-1.888959
297.989532	2.403324
298.990509	3.444076
299.991486	4.711478
300.992462	4.866491
301.993439	0.968731
302.994415	7.683880
303.995392	3.552371
304.996368	0.779576
305.997345	11.228873
306.998322	14.250464
307.999298	18.951853
309.000275	17.439432
310.001251	9.578218
311.002228	15.136234
312.003204	15.404333
313.004181	10.616413
314.005157	7.401706
315.006134	17.239376
316.007111	13.002832
317.008087	5.873833
318.009064	3.362952
319.010040	2.032502
320.011017	3.633667
321.011993	4.733063
322.012970	0.642594
323.013947	5.576368
324.014923	9.209300
325.015900	9.101431
326.016876	8.389439
327.017853	6.601733
328.018829	0.248295
329.019806	4.207652
330.020782	12.171686
331.021759	13.231156
332.022736	2.743665
333.023712	3.014829
334.024689	0.327766
335.025665	-4.663480
336.026642	-7.056759
337.027618	-11.597108
338.028595	-12.970223
339.029572	-11.726307
340.030548	-6.783774
341.031525	-2.596638
342.032501	-1.798379
343.033478	1.749746
344.034454	-0.165287
345.035431	-2.001095
346.036407	-7.038787
347.037384	-6.752412
348.038361	-8.166702
349.039337	-11.665666
350.040314	-4.762992
351.041290	-2.040298
352.042267	-6.260233
353.043243	-11.906195
354.044220	-5.655620
355.045197	0.508324
356.046173	2.564057
357.047150	5.008312
358.048126	3.238512
359.049103	4.582952
360.050079	4.528533
361.051056	0.437903
362.052032	2.384398
363.053009	0.426718
364.053986	-1.745304
365.054962	0.119305
366.055939	1.340195
367.056915	0.367623
368.057892	-0.955542
369.058868	0.706406
370.059845	2.827100
371.060822	2.318991
372.061798	-1.848147
373.062775	-0.203112
374.063751	1.019988
375.064728	-2.487133
376.065704	-4.868739
377.066681	-3.812043
378.067657	-2.367464
379.068634	-3.680577
380.069611	-3.248242
381.070587	-4.433881
382.071564	-4.030227
383.072540	-1.121073
384.073517	-1.551225
385.074493	-3.144951
386.075470	-3.027062
387.076447	-2.214026
388.077423	-2.040359
389.078400	-2.354995
390.079376	-3.153531
391.080353	-0.475575
392.081329	2.179008
393.082306	1.393346
394.083282	-0.674313
395.084259	0.031149
396.085236	0.633066
397.086212	0.467844
398.087189	0.145320
399.088165	0.025646
400.089142	-1.778972
401.090118	-0.721004
402.091095	1.868780
403.092072	-0.202712
404.093048	-1.623677
405.094025	0.938048
406.095001	-0.319986
407.095978	-1.381352
408.096954	-1.457196
409.097931	-0.300717
410.098907	-1.207935
411.099884	-2.308820
412.100861	-0.453287
413.101837	-0.014092
414.102814	1.862658
415.103790	3.702598
416.104767	2.052046
417.105743	2.321988
418.106720	1.927655
419.107697	2.067712
420.108673	0.123302
421.109650	-2.044190
422.110626	-2.213769
423.111603	-2.625336
424.112579	-3.403286
425.113556	-4.124040
426.114532	-3.894474
427.115509	-2.394558
428.116486	-2.637721
429.117462	-4.306939
430.118439	-3.442513
431.119415	-2.184713
432.120392	-1.873831
433.121368	-0.868632
434.122345	2.548213
435.123322	2.125352
436.124298	2.670131
437.125275	2.599415
438.126251	2.501477
439.127228	1.739636
440.128204	3.899288
441.129181	3.901518
442.130157	3.044608
443.131134	3.186232
444.132111	1.885498
445.133087	1.837354
446.134064	1.940699
447.135040	0.966463
448.136017	0.523775
449.136993	-0.951456
450.137970	0.134222
451.138947	-0.664005
452.139923	-1.352102
453.140900	-1.325365
454.141876	0.709211
455.142853	-0.174186
456.143829	-0.403999
457.144806	-0.541027
458.145782	0.248059
459.146759	1.528261
460.147736	0.819840
461.148712	2.084707
462.149689	1.820202
463.150665	1.838824
464.151642	3.606140
465.152618	3.480009
466.153595	2.120742
467.154572	3.053051
468.155548	3.427389
469.156525	1.631487
470.157501	2.554676
471.158478	2.509674
472.159454	1.247361
473.160431	2.279176
474.161407	1.459383
475.162384	0.957449
476.163361	1.497642
477.164337	1.739918
478.165314	0.704653
479.166290	1.630110
480.167267	0.509890
481.168243	0.469897
482.169220	0.727386
483.170197	1.331712
484.171173	2.164193
485.172150	1.568249
486.173126	1.394796
487.174103	0.795906
488.175079	0.119101
489.176056	-0.684904
490.177032	0.932267
491.178009	1.062590
492.178986	0.590646
493.179962	1.474896
494.180939	1.644451
495.181915	1.601613
496.182892	2.241373
497.183868	2.736855
498.184845	1.470761
499.185822	1.816016
500.186798	1.870692
501.187775	1.783459
502.188751	1.884816
503.189728	1.265104
504.190704	1.278995
505.191681	1.455374
506.192657	1.885619
507.193634	-0.051050
508.194611	0.353299
509.195587	-0.147596
510.196564	0.118063
511.197540	-0.373868
512.198486	0.680578
513.199463	0.890524
514.200439	0.149205
515.201416	0.393221
516.202393	-0.162604
517.203369	-0.130836
518.204346	-0.434677
519.205322	-0.190012
520.206299	0.478267
521.207275	1.160792
522.208252	0.496430
523.209229	0.519051
524.210205	1.747009
525.211182	1.555225
526.212158	0.527159
527.213135	1.080409
528.214111	1.460700
529.215088	0.346852
530.216064	0.355475
531.217041	0.839608
532.218018	0.813114
533.218994	1.047983
534.219971	1.204192
535.220947	1.393348
536.221924	2.081126
537.222900	1.807771
538.223877	2.014372
539.224854	2.427526
540.225830	2.703459
541.226807	2.183101
542.227783	1.780734
543.228760	1.958334
544.229736	1.575444
545.230713	1.749352
546.231689	1.223575
547.232666	1.591408
548.233643	1.056202
549.234619	0.654443
550.235596	0.838742
551.236572	0.934896
552.237549	0.785138
553.238525	0.871765
554.239502	1.347220
555.240479	1.616750
556.241455	1.420524
557.242432	1.351563
558.243408	1.398319
559.244385	1.243599
560.245361	1.063958
561.246338	0.913634
562.247314	1.391600
563.248291	0.985983
564.249268	0.917253
565.250244	0.797261
566.251221	0.938382
567.252197	0.635194
568.253174	0.445085
569.254150	0.775589
570.255127	0.710560
571.256104	0.693643
572.257080	0.733519
573.258057	0.695876
574.259033	1.089184
575.260010	0.949149
576.260986	1.173582
577.261963	1.922285
578.262939	1.913802
579.263916	2.180216
580.264893	2.079112
581.265869	2.286925
582.266846	1.793085
583.267822	1.391765
584.268799	1.347176
585.269775	1.198739
586.270752	1.418307
587.271729	1.138154
588.272705	1.411259
589.273682	1.480062
590.274658	0.961267
591.275635	0.775419
592.276611	1.080518
593.277588	0.781485
594.278564	0.575895
595.279541	0.840032
596.280518	0.929892
597.281494	0.733405
598.282471	0.877698
599.283447	0.719052
600.284424	0.795739
601.285400	0.681768
602.286377	0.482930
603.287354	0.565470
604.288330	0.441924
605.289307	0.702863
606.290283	0.567302
607.291260	0.730594
608.292236	0.800769
609.293213	0.943490
610.294189	0.865585
611.295166	0.722723
612.296143	1.130530
613.297119	1.077157
614.298096	1.177240
615.299072	1.556833
616.300049	1.914513
617.301025	1.686301
618.302002	1.922849
619.302979	2.050677
620.303955	2.110881
621.304932	1.662501
622.305908	1.490200
623.306885	1.399426
624.307861	1.346324
625.308838	1.143074
626.309814	1.078589
627.310791	1.193142
628.311768	1.099663
629.312744	0.960418
630.313721	0.371685
631.314697	1.157624
632.315674	0.629478
633.316650	0.518497
634.317627	0.626140
635.318604	0.868232
636.319580	0.976562
637.320557	0.749472
638.321533	1.122468
639.322510	1.019287
640.323486	0.969860
641.324463	0.531650
642.325439	0.785425
643.326416	0.435015
644.327393	0.022517
645.328369	0.511645
646.329346	1.255253
647.330322	0.903549
648.331299	0.526722
649.332275	0.599441
650.333252	0.720363
651.334229	0.595223
652.335205	0.374944
653.336182	0.750402
654.337158	0.816446
655.338135	0.856529
656.339111	1.014634
657.340088	1.060228
658.341064	0.641090
659.342041	0.437860
660.343018	0.409206
661.343994	1.161077
662.344971	1.459119
663.345947	1.336274
664.346924	1.731063
665.347900	1.539598
666.348877	1.123443
667.349854	0.892634
668.350830	0.801187
669.351807	0.613832
670.352783	0.763023
671.353760	0.798623
672.354736	1.163263
673.355713	1.320099
674.356689	1.348070
675.357666	1.094007
676.358643	1.162082
677.359619	1.123511
678.360596	0.856252
679.361572	0.602075
680.362549	0.651138
681.363525	0.473371
682.364502	0.310650
683.365479	0.492968
684.366455	0.735104
685.367432	1.079332
686.368408	1.260186
687.369385	1.538761
688.370361	1.683248
689.371338	1.884391
690.372314	1.606353
691.373291	1.674376
692.374268	1.437609
693.375244	1.397883
694.376221	1.240735
695.377197	1.165582
696.378174	1.229573
697.379150	1.085046
698.380127	1.025295
699.381104	0.836945
700.382080	0.992934
701.383057	0.768618
702.384033	0.771758
703.385010	0.684548
704.385986	0.792276
705.386963	0.608731
706.387939	0.525125
707.388916	0.572247
708.389893	0.682075
709.390869	0.719644
710.391846	0.739790
711.392822	1.155307
712.393799	1.187926
713.394775	1.364094
714.395752	1.215984
715.396729	1.557719
716.397705	1.332045
717.398682	1.309275
718.399658	1.109558
719.400635	1.231038
720.401611	1.081060
721.402588	0.970239
722.403564	1.054392
723.404541	1.141533
724.405518	1.172919
725.406494	1.049811
726.407471	1.266401
727.408447	1.188066
728.409424	1.236624
729.410400	0.966697
730.411377	1.246917
731.412354	1.084698
732.413330	1.159446
733.414307	0.971827
734.415283	1.346659
735.416260	1.255377
736.417236	1.295978
737.418213	1.277498
738.419189	1.335958
739.420166	1.298225
740.421143	0.995912
741.422119	1.127890
742.423096	0.939060
743.424072	1.062100
744.425049	0.643119
745.426025	1.000911
746.427002	0.775394
747.427979	0.934278
748.428955	0.719135
749.429932	0.991109
750.430908	1.048007
751.431885	0.962194
752.432861	1.098984
753.433838	1.062814
754.434814	1.260747
755.435791	1.002887
756.436768	1.209679
757.437744	1.194199
758.438721	1.256694
759.439697	1.141087
760.440674	1.182205
761.441650	1.222225
762.442627	1.137774
763.443604	1.044381
764.444580	1.079287
765.445557	1.071269
766.446533	1.034367
767.447510	0.971389
768.448486	1.070805
769.449463	1.102380
770.450439	1.149982
771.451416	1.103066
772.452393	1.291379
773.453369	1.274298
774.454346	1.303299
775.455322	1.275573
776.456299	1.326117
777.457275	1.349449
778.458252	1.202976
779.459229	1.300610
780.460205	1.240540
781.461182	1.356800
782.462158	1.207769
783.463135	1.321928
784.464111	1.234249
785.465088	1.319166
786.466064	1.077691
787.467041	1.177085
788.468018	1.079251
789.468994	1.070997
790.469971	0.978150
791.470947	1.010287
792.471924	1.087534
793.472900	0.997981
794.473877	1.092641
795.474854	1.015923
796.475830	1.191882
797.476807	0.997386
798.477783	1.128237
799.478760	1.036148
800.479736	1.181480
801.480713	1.040663
802.481689	1.081917
803.482666	1.090479
804.483643	1.053140
805.484619	0.999169
806.485596	0.892047
807.486572	0.951689
808.487549	0.835544
809.488525	0.808663
810.489502	0.761767
811.490479	0.836285
812.491455	0.791588
813.492432	0.751302
814.493408	0.780511
815.494385	0.816033
816.495361	0.768635
817.496338	0.742282
818.497314	0.762753
819.498291	0.823612
820.499268	0.772542
821.500244	0.799765
822.501221	0.855383
823.502197	0.911382
824.503174	0.878717
825.504150	0.916227
826.505127	0.972605
827.506104	1.024653
828.507080	0.976753
829.508057	1.051242
830.509033	1.083968
831.510010	1.106951
832.510986	1.044716
833.511963	1.059419
834.512939	1.033381
835.513916	0.978856
836.514893	0.899937
837.515869	0.877037
838.516846	0.919793
839.517822	0.851011
840.518799	0.894692
841.519775	0.868603
842.520752	0.971135
843.521729	0.836860
844.522705	0.886541
845.523682	0.784076
846.524658	0.849547
847.525635	0.710531
848.526611	0.733974
849.527588	0.725816
850.528564	0.738645
851.529541	0.742863
852.530518	0.700558
853.531494	0.828294
854.532471	0.765027
855.533447	0.815730
856.534424	0.776816
857.535400	0.897866
858.536377	0.855419
859.537354	0.903702
860.538330	0.910422
861.539307	1.007952
862.540283	0.981847
863.541260	0.988905
864.542236	0.990779
865.543213	1.045426
866.544189	0.971607
867.545166	0.959500
868.546143	0.967029
869.547119	0.975086
870.548096	0.939000
871.549072	0.917031
872.550049	0.960251
873.551025	0.950634
874.552002	0.910647
875.552979	0.873483
876.553955	0.921327
877.554932	0.857431
878.555908	0.855655
879.556885	0.799116
880.557861	0.904187
881.558838	0.837319
882.559814	0.882961
883.560791	0.873896
884.561768	0.977135
885.562744	0.939554
886.563721	0.955526
887.564697	0.993872
888.565674	1.012094
889.566650	1.016418
890.567627	0.977339
891.568604	1.060896
892.569580	1.046450
893.570557	1.074247
894.571533	1.036494
895.572510	1.126392
896.573486	1.093714
897.574463	1.078695
898.575439	1.058566
899.576416	1.066572
900.577393	1.058513
901.578369	0.989711
902.579346	1.027468
903.580322	1.008569
904.581299	1.030331
905.582275	0.972531
906.583252	0.999977
907.584229	1.009363
908.585205	0.944609
909.586182	0.957884
910.587158	0.863347
911.588135	0.950285
912.589111	0.781983
913.590088	0.834265
914.591064	0.725110
915.592041	0.770152
916.593018	0.676066
917.593994	0.653908
918.594971	0.680669
919.595947	0.621848
920.596924	0.674783
921.597900	0.564495
922.598877	0.701686
923.599854	0.579693
924.600830	0.669241
925.601807	0.557518
926.602783	0.683356
927.603760	0.600725
928.604736	0.648570
929.605713	0.629395
930.606689	0.700489
931.607666	0.714729
932.608643	0.709164
933.609619	0.780618
934.610596	0.795916
935.611572	0.851414
936.612549	0.796488
937.613525	0.890872
938.614502	0.852123
939.615479	0.900526
940.616455	0.827649
941.617432	0.923993
942.618408	0.896102
943.619385	0.937013
944.620361	0.904131
945.621338	1.001807
946.622314	0.970744
947.623291	0.991441
948.624268	0.942567
949.625244	1.000612
950.626221	0.944840
951.627197	0.914072
952.628174	0.896224
953.629150	0.902995
954.630127	0.888611
955.631104	0.814972
956.632080	0.869475
957.633057	0.823008
958.634033	0.862478
959.635010	0.767808
960.635986	0.881178
961.636963	0.820491
962.637939	0.890121
963.638916	0.802898
964.639893	0.934217
965.640869	0.861568
966.641846	0.910521
967.642822	0.859330
968.643799	0.936145
969.644775	0.928384
970.645752	0.897432
971.646729	0.958829
972.647705	0.933578
973.648682	1.007004
974.649658	0.879922
975.650635	0.993185
976.651611	0.884907
977.652588	0.943531
978.653564	0.810132
979.654541	0.891823
980.655518	0.830856
981.656494	0.843085
982.657471	0.809812
983.658447	0.849773
984.659424	0.866810
985.660400	0.828009
986.661377	0.849725
987.662354	0.847493
988.663330	0.863236
989.664307	0.804703
990.665283	0.821490
991.666260	0.813784
992.667236	0.812260
993.668213	0.762753
994.669189	0.792213
995.670166	0.774092
996.671143	0.796119
997.672119	0.729610
998.673096	0.803345
999.674072	0.752220
