# id:                 77
# size:               9000
# coupling constant:  1.000000E+00
# inhomogenity Delta: 1.500000E+00
0.010000	560.391235
1.009999	601.268799
2.009999	724.328186
3.009998	945.430237
4.009997	1289.370117
5.010020	1789.217407
6.010043	2470.695068
7.010066	3316.465088
8.010088	4185.513184
9.010111	4770.732910
10.010134	4767.871582
11.010157	4193.731934
12.010180	3367.990234
13.010202	2572.348877
14.010225	1942.815796
15.010248	1505.951538
16.010271	1241.800659
17.010294	1126.438843
18.010317	1126.779297
19.010340	1191.658691
20.010363	1235.383789
21.010386	1181.973633
22.010408	1020.186462
23.010431	808.778992
24.010454	614.957764
25.010477	477.252380
26.010500	391.633942
27.010523	327.413513
28.010546	269.854767
29.010569	216.167938
30.010592	167.778336
31.010614	122.571289
32.010635	63.021461
33.010468	8.461098
34.010300	-10.868468
35.010132	-2.304150
36.009964	29.962738
37.009796	70.158676
38.009628	86.377266
39.009460	73.587303
40.009293	60.267376
41.009125	58.861477
42.008957	61.961086
43.008789	86.885223
44.008621	118.582039
45.008453	131.308197
46.008286	128.613953
47.008118	124.398247
48.007950	116.733421
49.007782	104.987572
50.007614	107.659889
51.007446	112.612473
52.007278	107.705330
53.007111	99.065910
54.006943	90.644630
55.006775	81.925392
56.006607	67.830170
57.006439	55.442108
58.006271	50.718307
59.006104	46.602188
60.005936	38.016060
61.005768	44.542603
62.005600	60.940884
63.005432	61.168633
64.005264	63.301979
65.005478	67.120026
66.005692	68.524338
67.005905	72.902298
68.006119	79.350243
69.006332	72.225967
70.006546	62.397099
71.006760	77.543137
72.006973	104.313377
73.007187	114.921310
74.007401	102.137924
75.007614	91.221107
76.007828	99.517647
77.008041	103.362709
78.008255	111.045425
79.008469	87.629028
80.008682	39.452023
81.008896	8.892874
82.009109	-11.303515
83.009323	-33.632179
84.009537	-47.755360
85.009750	-27.485651
86.009964	5.958146
87.010178	18.418861
88.010391	16.891237
89.010605	-0.283988
90.010818	-4.204831
91.011032	2.752017
92.011246	-10.463183
93.011459	-1.995733
94.011673	6.744612
95.011887	13.567593
96.012100	15.172567
97.012314	4.761455
98.012527	-2.252376
99.012741	4.542010
100.012955	16.781294
101.013168	61.712315
102.013382	69.765320
103.013596	69.222023
104.013809	71.714294
105.014023	81.671135
106.014236	56.312469
107.014450	28.630577
108.014664	23.164629
109.014877	1.741033
110.015091	-8.004370
111.015305	-37.465549
112.015518	-47.680557
113.015732	-52.796432
114.015945	-36.279995
115.016159	-23.189032
116.016373	-12.398872
117.016586	16.802959
118.016800	10.352368
119.017014	-15.479804
120.017227	-3.129106
121.017441	-10.561176
122.017654	2.152631
123.017868	5.117502
124.018082	15.734224
125.018295	10.429823
126.018509	10.825583
127.018723	-0.813579
128.018921	-1.004204
129.018372	1.603253
130.017822	8.183686
131.017273	19.997992
132.016724	6.514843
133.016174	37.464703
134.015625	53.877434
135.015076	46.027172
136.014526	25.324802
137.013977	30.382885
138.013428	4.044482
139.012878	-14.504589
140.012329	-43.191597
141.011780	-60.424885
142.011230	-67.861000
143.010681	-56.929897
144.010132	-10.868412
145.009583	35.638752
146.009033	35.242123
147.008484	29.301382
148.007935	26.986692
149.007385	35.037601
150.006836	19.177528
151.006287	37.820122
152.005737	62.232616
153.005188	65.736565
154.004639	41.854012
155.004089	4.368170
156.003540	-25.578642
157.002991	-4.404180
158.002441	-3.522560
159.001892	-20.484142
160.001343	-46.177475
161.000793	-38.204769
162.000244	-32.939945
162.999695	-10.903268
163.999146	10.463740
164.998596	-3.338646
165.998047	-18.621523
166.997498	-3.461831
167.996948	5.513093
168.996399	8.589427
169.995850	11.968078
170.995300	-12.571341
171.994751	-37.602577
172.994202	-38.943329
173.993652	-47.448933
174.993103	-44.430580
175.992554	-27.478367
176.992004	-34.602085
177.991455	-32.877541
178.990906	-53.557598
179.990356	-64.231987
180.989807	-77.362282
181.989258	-58.605160
182.988708	-34.376259
183.988159	-16.971531
184.987610	20.896040
185.987061	12.542521
186.986511	19.231438
187.985962	47.694134
188.985413	34.919109
189.984863	29.769960
190.984314	16.392345
191.983765	22.973373
192.983215	47.832733
193.982666	54.420460
194.982117	31.703104
195.981567	26.705940
196.981018	24.153952
197.980469	14.920716
198.979919	26.686951
199.979370	23.102770
200.978821	1.582131
201.978271	-9.264981
202.977722	-14.546400
203.977173	-37.606636
204.976624	-18.894997
205.976074	-2.461205
206.975525	-14.414520
207.974976	-3.781497
208.974426	-23.979158
209.973877	-31.586632
210.973328	-23.676315
211.972778	-29.619665
212.972229	-53.648720
213.971680	-50.816986
214.971130	-35.109249
215.970581	-44.441708
216.970032	-30.479256
217.969482	-14.810507
218.968933	-30.923220
219.968384	-14.147203
220.967834	-15.848318
221.967285	5.303188
222.966736	-21.370687
223.966187	-27.823595
224.965637	-18.385906
225.965088	-10.160378
226.964539	19.848686
227.963989	39.547291
228.963440	49.229462
229.962891	37.964272
230.962341	34.205631
231.961792	22.661276
232.961243	20.101492
233.960693	8.390458
234.960144	19.326775
235.959595	1.371095
236.959045	-8.856112
237.958496	12.948058
238.957947	-2.556687
239.957397	0.143693
240.956848	-20.799509
241.956299	-37.184803
242.955750	-23.814699
243.955200	-25.179556
244.954651	-8.010133
245.954102	0.377415
246.953552	3.505001
247.953003	-12.540483
248.952454	0.759514
249.951904	12.593762
250.951355	8.782423
251.950806	3.672019
252.950256	6.903583
253.949707	12.758311
254.949158	1.376945
255.948608	-12.048840
256.949493	-6.562477
257.950470	18.286684
258.951447	15.892656
259.952423	25.347980
260.953400	19.792753
261.954376	25.140150
262.955353	19.577316
263.956329	11.748561
264.957306	-2.898858
265.958282	-21.125010
266.959259	-20.626493
267.960236	-13.146149
268.961212	-14.817217
269.962189	-4.371310
270.963165	17.022350
271.964142	21.106649
272.965118	18.921371
273.966095	15.363211
274.967072	8.804716
275.968048	12.046130
276.969025	-1.674592
277.970001	10.595287
278.970978	7.350909
279.971954	-5.276729
280.972931	2.800183
281.973907	6.024358
282.974884	-0.635539
283.975861	3.600276
284.976837	7.881197
285.977814	-2.181345
286.978790	0.224604
287.979767	-6.910578
288.980743	-18.195782
289.981720	-10.952467
290.982697	-7.635055
291.983673	6.714247
292.984650	-0.157835
293.985626	2.380866
294.986603	12.908447
295.987579	12.375061
296.988556	11.087247
297.989532	10.123191
298.990509	15.879310
299.991486	17.323271
300.992462	15.120943
301.993439	11.054425
302.994415	6.630710
303.995392	-0.133302
304.996368	2.340871
305.997345	6.058060
306.998322	8.939217
307.999298	13.040311
309.000275	6.001143
310.001251	6.410493
311.002228	1.789782
312.003204	8.388750
313.004181	5.546237
314.005157	0.607593
315.006134	2.132808
316.007111	7.943657
317.008087	8.293388
318.009064	8.287016
319.010040	6.982827
320.011017	6.339090
321.011993	4.109844
322.012970	4.040216
323.013947	7.360746
324.014923	6.428070
325.015900	8.656167
326.016876	0.872935
327.017853	3.549349
328.018829	1.097468
329.019806	3.208871
330.020782	0.517120
331.021759	4.200663
332.022736	0.873589
333.023712	-3.263888
334.024689	-4.198596
335.025665	-6.773811
336.026642	-7.755353
337.027618	-6.591941
338.028595	-8.097500
339.029572	-5.970163
340.030548	-9.959196
341.031525	-6.835971
342.032501	1.708603
343.033478	3.735675
344.034454	-0.297943
345.035431	2.888416
346.036407	3.509308
347.037384	-0.268423
348.038361	4.364479
349.039337	3.041718
350.040314	1.894884
351.041290	2.479346
352.042267	4.369051
353.043243	5.160602
354.044220	5.365763
355.045197	5.417377
356.046173	1.325246
357.047150	0.894141
358.048126	-1.685499
359.049103	-1.845140
360.050079	-4.752516
361.051056	-8.634630
362.052032	-6.129625
363.053009	-5.016368
364.053986	-5.674491
365.054962	-5.829352
366.055939	-4.741137
367.056915	-5.558935
368.057892	-5.519936
369.058868	-5.633682
370.059845	-1.876882
371.060822	2.154827
372.061798	0.840250
373.062775	1.470891
374.063751	3.610379
375.064728	3.650769
376.065704	2.110476
377.066681	-0.564413
378.067657	2.096043
379.068634	3.727030
380.069611	1.221338
381.070587	0.122256
382.071564	-1.444990
383.072540	-2.156173
384.073517	-1.497089
385.074493	0.936345
386.075470	0.429550
387.076447	0.437350
388.077423	1.574456
389.078400	-2.226109
390.079376	-2.354157
391.080353	-0.182406
392.081329	2.319308
393.082306	4.441878
394.083282	3.194249
395.084259	3.180370
396.085236	1.726724
397.086212	1.624406
398.087189	0.753229
399.088165	-2.112138
400.089142	-2.437545
401.090118	-0.998761
402.091095	-0.497310
403.092072	-0.440616
404.093048	0.657228
405.094025	3.665106
406.095001	3.736842
407.095978	2.800114
408.096954	6.430009
409.097931	6.219953
410.098907	3.508737
411.099884	5.578773
412.100861	6.875150
413.101837	4.702914
414.102814	-0.065209
415.103790	0.414960
416.104767	0.782560
417.105743	-1.155563
418.106720	1.530417
419.107697	0.775922
420.108673	0.418274
421.109650	-0.212947
422.110626	-1.639814
423.111603	-1.617715
424.112579	-0.276345
425.113556	0.705614
426.114532	-1.973866
427.115509	-0.028657
428.116486	0.550626
429.117462	-1.779235
430.118439	-1.876073
431.119415	-1.537954
432.120392	-4.667670
433.121368	-6.319027
434.122345	-2.645389
435.123322	-3.212699
436.124298	-2.560751
437.125275	-2.656732
438.126251	-2.260049
439.127228	-2.758575
440.128204	-2.755766
441.129181	-2.299231
442.130157	-0.674276
443.131134	0.361292
444.132111	1.064390
445.133087	1.270875
446.134064	2.741430
447.135040	1.434156
448.136017	1.178020
449.136993	2.542147
450.137970	1.911955
451.138947	1.093167
452.139923	2.939282
453.140900	2.633496
454.141876	0.136834
455.142853	0.682816
456.143829	1.042744
457.144806	1.185354
458.145782	0.674341
459.146759	0.353385
460.147736	0.477870
461.148712	0.642483
462.149689	-0.331674
463.150665	-1.646266
464.151642	-1.478802
465.152618	-1.236253
466.153595	-2.085585
467.154572	-0.926986
468.155548	-1.071906
469.156525	-1.261802
470.157501	-1.137528
471.158478	-1.082240
472.159454	-0.052261
473.160431	0.200553
474.161407	0.913543
475.162384	1.557182
476.163361	2.519095
477.164337	2.134212
478.165314	1.515048
479.166290	1.700815
480.167267	0.532165
481.168243	0.566487
482.169220	0.308519
483.170197	-0.656284
484.171173	-0.749823
485.172150	-0.454139
486.173126	0.808297
487.174103	-0.457711
488.175079	-1.744336
489.176056	-0.834512
490.177032	-0.617218
491.178009	-1.054972
492.178986	-1.067576
493.179962	-0.925448
494.180939	-0.913584
495.181915	-0.717239
496.182892	-1.024789
497.183868	-0.466346
498.184845	-0.982141
499.185822	-1.328311
500.186798	-0.761683
501.187775	-0.661331
502.188751	-0.005441
503.189728	0.129289
504.190704	0.925029
505.191681	0.533470
506.192657	1.532634
507.193634	1.317871
508.194611	1.233092
509.195587	0.580062
510.196564	0.560767
511.197540	0.008727
512.198486	-0.468098
513.199463	-0.348835
514.200439	0.295757
515.201416	0.235185
516.202393	-0.068349
517.203369	0.263238
518.204346	0.213250
519.205322	-0.319041
520.206299	-1.230687
521.207275	-0.553427
522.208252	-1.111562
523.209229	-0.915508
524.210205	-1.272613
525.211182	-1.173551
526.212158	-1.421454
527.213135	-1.335480
528.214111	-0.637393
529.215088	-0.022387
530.216064	1.072142
531.217041	0.741349
532.218018	1.085440
533.218994	0.871316
534.219971	0.816195
535.220947	0.311552
536.221924	0.922386
537.222900	1.677102
538.223877	1.253059
539.224854	1.828179
540.225830	1.060707
541.226807	0.828873
542.227783	0.679435
543.228760	0.733180
544.229736	0.666948
545.230713	0.508279
546.231689	0.409503
547.232666	0.114341
548.233643	0.106770
549.234619	0.177934
550.235596	-0.274637
551.236572	-0.237837
552.237549	-0.409137
553.238525	-0.259814
554.239502	-0.716188
555.240479	-0.595275
556.241455	-0.350099
557.242432	-0.533256
558.243408	-0.281890
559.244385	-0.435430
560.245361	-0.349477
561.246338	-0.130158
562.247314	-0.061315
563.248291	0.174933
564.249268	0.261357
565.250244	-0.255239
566.251221	-0.080084
567.252197	-0.015807
568.253174	-0.112334
569.254150	0.426356
570.255127	0.793010
571.256104	1.298488
572.257080	1.218755
573.258057	1.670613
574.259033	1.398446
575.260010	1.352514
576.260986	0.958021
577.261963	0.712109
578.262939	0.210718
579.263916	-0.212631
580.264893	-0.307941
581.265869	-0.393852
582.266846	-0.151136
583.267822	-0.221422
584.268799	-0.209147
585.269775	-0.031551
586.270752	-0.095886
587.271729	-0.416615
588.272705	0.170172
589.273682	-0.133989
590.274658	0.159939
591.275635	0.332481
592.276611	0.646621
593.277588	0.976714
594.278564	1.113399
595.279541	1.281312
596.280518	1.232957
597.281494	1.292479
598.282471	0.784575
599.283447	0.701490
600.284424	0.408965
601.285400	0.403318
602.286377	0.129950
603.287354	0.433668
604.288330	0.534295
605.289307	0.544161
606.290283	0.777282
607.291260	0.910634
608.292236	1.084428
609.293213	0.936523
610.294189	1.004036
611.295166	0.884593
612.296143	0.979875
613.297119	0.652171
614.298096	0.675579
615.299072	0.604945
616.300049	0.499004
617.301025	0.203989
618.302002	0.211964
619.302979	0.308245
620.303955	0.088749
621.304932	0.107331
622.305908	0.138573
623.306885	0.222633
624.307861	0.037745
625.308838	-0.084082
626.309814	0.009117
627.310791	-0.100444
628.311768	-0.240211
629.312744	-0.267545
630.313721	-0.153191
631.314697	-0.030118
632.315674	-0.139869
633.316650	0.246770
634.317627	0.263992
635.318604	0.484731
636.319580	0.280500
637.320557	0.434317
638.321533	0.456843
639.322510	0.325047
640.323486	0.308635
641.324463	0.096246
642.325439	0.361240
643.326416	0.009069
644.327393	0.028406
645.328369	-0.033425
646.329346	-0.024721
647.330322	-0.237894
648.331299	-0.400619
649.332275	-0.377041
650.333252	-0.374222
651.334229	-0.570611
652.335205	-0.617012
653.336182	-0.576499
654.337158	-0.553731
655.338135	-0.825223
656.339111	-0.845227
657.340088	-0.781835
658.341064	-0.845120
659.342041	-1.042633
660.343018	-1.019529
661.343994	-0.794558
662.344971	-0.982109
663.345947	-0.915683
664.346924	-0.930890
665.347900	-0.581876
666.348877	-0.862170
667.349854	-0.764845
668.350830	-0.690206
669.351807	-0.572716
670.352783	-0.646077
671.353760	-0.697285
672.354736	-0.340837
673.355713	-0.252442
674.356689	-0.172579
675.357666	0.043976
676.358643	0.435802
677.359619	0.470670
678.360596	0.493239
679.361572	0.505680
680.362549	0.702354
681.363525	0.522170
682.364502	0.433112
683.365479	0.442372
684.366455	0.624097
685.367432	0.526382
686.368408	0.455901
687.369385	0.581873
688.370361	0.698132
689.371338	0.480248
690.372314	0.436688
691.373291	0.559593
692.374268	0.558062
693.375244	0.443287
694.376221	0.431702
695.377197	0.681443
696.378174	0.708512
697.379150	0.640695
698.380127	0.686078
699.381104	0.962436
700.382080	0.870747
701.383057	0.689229
702.384033	0.757773
703.385010	0.797882
704.385986	0.605448
705.386963	0.356907
706.387939	0.446915
707.388916	0.462928
708.389893	0.253586
709.390869	0.273711
710.391846	0.391559
711.392822	0.589917
712.393799	0.249809
713.394775	0.473817
714.395752	0.368163
715.396729	0.451662
716.397705	0.025718
717.398682	0.078639
718.399658	0.085795
719.400635	-0.152458
720.401611	-0.249082
721.402588	-0.427729
722.403564	-0.198663
723.404541	-0.693964
724.405518	-0.568679
725.406494	-0.835144
726.407471	-0.545495
727.408447	-0.957945
728.409424	-0.709781
729.410400	-0.696972
730.411377	-0.450121
731.412354	-0.507124
732.413330	-0.351662
733.414307	-0.087772
734.415283	-0.079261
735.416260	0.053957
736.417236	-0.017183
737.418213	0.394150
738.419189	0.180817
739.420166	0.444214
740.421143	0.267046
741.422119	0.678387
742.423096	0.342697
743.424072	0.516102
744.425049	0.400962
745.426025	0.548869
746.427002	0.455877
747.427979	0.427826
748.428955	0.614237
749.429932	0.615203
750.430908	0.690255
751.431885	0.598884
752.432861	0.814072
753.433838	0.698030
754.434814	0.693318
755.435791	0.547715
756.436768	0.683142
757.437744	0.496832
758.438721	0.488418
759.439697	0.356256
760.440674	0.469201
761.441650	0.251975
762.442627	0.264295
763.443604	0.108093
764.444580	0.225363
765.445557	0.031381
766.446533	0.072202
767.447510	0.061842
768.448486	0.131830
769.449463	0.133890
770.450439	0.081642
771.451416	0.256283
772.452393	0.176280
773.453369	0.302917
774.454346	0.117341
775.455322	0.355400
776.456299	0.162299
777.457275	0.266392
778.458252	0.103841
779.459229	0.262468
780.460205	0.151366
781.461182	0.171317
782.462158	0.157224
783.463135	0.177715
784.464111	0.209174
785.465088	0.075340
786.466064	0.162161
787.467041	0.108719
788.468018	0.130885
789.468994	0.043302
790.469971	0.096755
791.470947	0.119833
792.471924	0.077083
793.472900	0.029808
794.473877	0.068195
795.474854	0.004242
796.475830	0.011668
797.476807	-0.121917
798.477783	0.015560
799.478760	-0.083068
800.479736	-0.013952
801.480713	-0.066296
802.481689	0.050800
803.482666	0.058492
804.483643	0.043831
805.484619	0.100873
806.485596	0.126011
807.486572	0.136694
808.487549	0.067850
809.488525	0.085249
810.489502	0.065886
811.490479	0.028154
812.491455	-0.037887
813.492432	0.020790
814.493408	-0.005761
815.494385	0.057892
816.495361	-0.010400
817.496338	0.134941
818.497314	0.074749
819.498291	0.149527
820.499268	0.098379
821.500244	0.205918
822.501221	0.195278
823.502197	0.239300
824.503174	0.296502
825.504150	0.355948
826.505127	0.418973
827.506104	0.390156
828.507080	0.451954
829.508057	0.395920
830.509033	0.405595
831.510010	0.300983
832.510986	0.298015
833.511963	0.231157
834.512939	0.211535
835.513916	0.156189
836.514893	0.157113
837.515869	0.138784
838.516846	0.142574
839.517822	0.110078
840.518799	0.145140
841.519775	0.109524
842.520752	0.148673
843.521729	0.075911
844.522705	0.138165
845.523682	0.075808
846.524658	0.116570
847.525635	0.075054
848.526611	0.132865
849.527588	0.174277
850.528564	0.194743
851.529541	0.303564
852.530518	0.310622
853.531494	0.447134
854.532471	0.378851
855.533447	0.482054
856.534424	0.368537
857.535400	0.418567
858.536377	0.273083
859.537354	0.285517
860.538330	0.185119
861.539307	0.183387
862.540283	0.134184
863.541260	0.120493
864.542236	0.135335
865.543213	0.102545
866.544189	0.122512
867.545166	0.048066
868.546143	0.093405
869.547119	-0.007984
870.548096	0.027898
871.549072	-0.072026
872.550049	0.023046
873.551025	-0.046584
874.552002	0.042777
875.552979	0.038516
876.553955	0.131578
877.554932	0.167158
878.555908	0.170085
879.556885	0.264556
880.557861	0.221638
881.558838	0.299961
882.559814	0.208326
883.560791	0.306232
884.561768	0.236762
885.562744	0.272434
886.563721	0.242721
887.564697	0.274597
888.565674	0.294092
889.566650	0.253548
890.567627	0.317235
891.568604	0.262584
892.569580	0.330423
893.570557	0.232422
894.571533	0.287278
895.572510	0.223512
896.573486	0.229176
897.574463	0.173502
898.575439	0.158278
899.576416	0.175242
900.577393	0.115006
901.578369	0.155518
902.579346	0.107092
903.580322	0.196147
904.581299	0.116991
905.582275	0.196427
906.583252	0.148378
907.584229	0.229948
908.585205	0.167788
909.586182	0.221425
910.587158	0.228209
911.588135	0.254166
912.589111	0.277539
913.590088	0.267194
914.591064	0.373717
915.592041	0.310231
916.593018	0.414548
917.593994	0.337475
918.594971	0.474235
919.595947	0.364224
920.596924	0.443784
921.597900	0.361431
922.598877	0.398060
923.599854	0.307125
924.600830	0.254358
925.601807	0.228306
926.602783	0.135440
927.603760	0.135373
928.604736	0.013271
929.605713	0.094375
930.606689	-0.021289
931.607666	0.045325
932.608643	-0.053686
933.609619	0.024618
934.610596	-0.067365
935.611572	-0.052071
936.612549	-0.111431
937.613525	-0.100305
938.614502	-0.136763
939.615479	-0.169102
940.616455	-0.131336
941.617432	-0.145137
942.618408	-0.071891
943.619385	-0.107359
944.620361	0.031749
945.621338	-0.002488
946.622314	0.109944
947.623291	0.058439
948.624268	0.172167
949.625244	0.128070
950.626221	0.182293
951.627197	0.174597
952.628174	0.228338
953.629150	0.255211
954.630127	0.253374
955.631104	0.321090
956.632080	0.294316
957.633057	0.352050
958.634033	0.264641
959.635010	0.325467
960.635986	0.230208
961.636963	0.260267
962.637939	0.165252
963.638916	0.199866
964.639893	0.142769
965.640869	0.156534
966.641846	0.118495
967.642822	0.142821
968.643799	0.132060
969.644775	0.122304
970.645752	0.120937
971.646729	0.107773
972.647705	0.124985
973.648682	0.064469
974.649658	0.110030
975.650635	0.049706
976.651611	0.112782
977.652588	0.024481
978.653564	0.107901
979.654541	0.043641
980.655518	0.097555
981.656494	0.038570
982.657471	0.071953
983.658447	0.057748
984.659424	0.033088
985.660400	0.042568
986.661377	0.008765
987.662354	0.050944
988.663330	-0.007461
989.664307	0.043501
990.665283	0.016003
991.666260	0.064171
992.667236	0.038114
993.668213	0.074059
994.669189	0.089409
995.670166	0.097305
996.671143	0.109380
997.672119	0.113432
998.673096	0.147964
999.674072	0.136932
