# id:                 30
# size:               9000
# coupling constant:  1.000000E+00
# inhomogenity Delta: 1.500000E+00
0.010000	564.495117
1.009999	605.650085
2.009999	729.571472
3.009998	952.178406
4.009997	1298.318481
5.010020	1801.093994
6.010043	2485.608887
7.010066	3333.022461
8.010088	4199.953125
9.010111	4778.231445
10.010134	4768.549805
11.010157	4190.078125
12.010180	3362.863281
13.010202	2567.250488
14.010225	1939.985840
15.010248	1505.509033
16.010271	1244.450073
17.010294	1130.643921
18.010317	1130.721436
19.010340	1199.914795
20.010363	1262.873291
21.010386	1242.250000
22.010408	1115.185913
23.010431	921.815247
24.010454	732.560791
25.010477	586.059204
26.010500	478.070679
27.010523	400.257019
28.010546	349.869629
29.010569	323.457275
30.010592	282.620850
31.010614	215.008636
32.010635	137.093079
33.010468	80.008324
34.010300	56.873562
35.010132	74.191795
36.009964	121.008484
37.009796	160.197617
38.009628	168.160843
39.009460	150.692719
40.009293	123.141373
41.009125	84.037292
42.008957	58.128731
43.008789	58.080173
44.008621	67.646431
45.008453	92.054497
46.008286	111.648148
47.008118	114.691002
48.007950	100.233421
49.007782	83.426575
50.007614	62.037739
51.007446	55.226048
52.007278	58.156330
53.007111	73.438652
54.006943	89.291328
55.006775	99.193466
56.006607	99.006203
57.006439	96.551476
58.006271	91.981125
59.006104	88.048676
60.005936	78.866135
61.005768	79.194412
62.005600	84.202362
63.005432	83.226173
64.005264	74.448822
65.005478	70.129059
66.005692	76.122650
67.005905	79.663612
68.006119	84.792885
69.006332	84.308647
70.006546	76.705162
71.006760	71.739128
72.006973	65.086609
73.007187	60.261700
74.007401	63.402500
75.007614	69.327179
76.007828	78.718506
77.008041	86.746933
78.008255	87.461380
79.008469	75.330193
80.008682	64.355942
81.008896	54.039253
82.009109	48.904438
83.009323	45.896782
84.009537	41.639755
85.009750	39.159309
86.009964	45.772560
87.010178	45.047424
88.010391	62.670391
89.010605	96.426514
90.010818	93.721008
91.011032	65.062744
92.011246	41.797050
93.011459	35.435783
94.011673	31.842003
95.011887	19.771646
96.012100	18.276049
97.012314	11.911595
98.012527	21.895990
99.012741	15.241803
100.012955	-7.743196
101.013168	-16.901007
102.013382	-8.378000
103.013596	6.247211
104.013809	19.213840
105.014023	24.000660
106.014236	23.639687
107.014450	43.832851
108.014664	52.135906
109.014877	60.507629
110.015091	64.641991
111.015305	54.448948
112.015518	34.575893
113.015732	34.084030
114.015945	29.688284
115.016159	33.118614
116.016373	42.926174
117.016586	33.297695
118.016800	31.203049
119.017014	46.013599
120.017227	58.389778
121.017441	44.415100
122.017654	13.016297
123.017868	-4.402640
124.018082	-32.484505
125.018295	-40.343079
126.018509	-36.798443
127.018723	-33.206242
128.018921	-15.805198
129.018372	-11.871963
130.017822	8.714784
131.017273	43.039188
132.016724	36.495300
133.016174	37.351326
134.015625	30.123346
135.015076	43.660885
136.014526	43.081814
137.013977	29.868046
138.013428	20.645578
139.012878	35.354588
140.012329	40.738892
141.011780	42.737492
142.011230	44.886642
143.010681	8.639552
144.010132	-10.492791
145.009583	-14.149866
146.009033	-0.647913
147.008484	3.818329
148.007935	11.205523
149.007385	-9.697971
150.006836	1.418283
151.006287	24.929108
152.005737	28.007996
153.005188	3.359160
154.004639	-4.277118
155.004089	-26.658829
156.003540	-23.566462
157.002991	-9.772804
158.002441	-1.303510
159.001892	-18.263138
160.001343	-29.802784
161.000793	-35.286057
162.000244	-17.781364
162.999695	-10.449277
163.999146	17.604046
164.998596	15.700864
165.998047	-0.322603
166.997498	-19.725012
167.996948	-22.003328
168.996399	-26.674383
169.995850	-1.597424
170.995300	31.478201
171.994751	48.607582
172.994202	68.261658
173.993652	52.952152
174.993103	8.529028
175.992554	-35.762249
176.992004	-27.010752
177.991455	-35.250206
178.990906	-28.398989
179.990356	-38.043152
180.989807	-57.667992
181.989258	-38.927963
182.988708	-38.540340
183.988159	-32.716759
184.987610	-14.213585
185.987061	19.486746
186.986511	19.312983
187.985962	18.449671
188.985413	15.240767
189.984863	15.323429
190.984314	16.273771
191.983765	30.077982
192.983215	25.844963
193.982666	4.410867
194.982117	-14.470219
195.981567	-13.254605
196.981018	-10.326060
197.980469	20.615971
198.979919	30.200466
199.979370	19.333282
200.978821	14.202379
201.978271	17.248337
202.977722	-3.996228
203.977173	-12.144459
204.976624	-9.080648
205.976074	-4.483267
206.975525	10.086160
207.974976	32.423866
208.974426	21.526831
209.973877	16.335464
210.973328	6.710864
211.972778	26.027073
212.972229	20.645182
213.971680	8.478966
214.971130	11.151468
215.970581	8.532261
216.970032	3.936020
217.969482	9.831169
218.968933	26.769272
219.968384	32.615730
220.967834	25.017885
221.967285	32.701740
222.966736	-4.690393
223.966187	-15.653778
224.965637	-11.756185
225.965088	-12.881850
226.964539	4.476328
227.963989	11.591822
228.963440	6.333846
229.962891	-7.578550
230.962341	0.688121
231.961792	-16.466412
232.961243	-14.951704
233.960693	-29.424534
234.960144	-32.295528
235.959595	-6.249539
236.959045	5.397622
237.958496	16.165722
238.957947	14.268625
239.957397	9.834860
240.956848	-2.776826
241.956299	12.775909
242.955750	7.161137
243.955200	7.045683
244.954651	13.366334
245.954102	24.561535
246.953552	24.853418
247.953003	1.128298
248.952454	-9.831139
249.951904	2.509760
250.951355	15.367370
251.950806	8.136735
252.950256	10.225744
253.949707	0.091348
254.949158	1.380132
255.948608	6.031926
256.949493	-11.162107
257.950470	-9.298896
258.951447	13.881795
259.952423	3.415658
260.953400	4.043269
261.954376	-14.747766
262.955353	-3.454084
263.956329	7.444941
264.957306	7.884497
265.958282	25.533842
266.959259	9.824067
267.960236	-0.802892
268.961212	11.176746
269.962189	16.530605
270.963165	-0.696522
271.964142	8.669531
272.965118	19.396479
273.966095	15.172871
274.967072	13.000906
275.968048	13.772689
276.969025	13.654960
277.970001	9.445974
278.970978	21.211151
279.971954	20.298300
280.972931	7.254068
281.973907	0.789743
282.974884	2.937945
283.975861	-4.492023
284.976837	-2.141349
285.977814	5.772571
286.978790	-2.814540
287.979767	-3.269522
288.980743	-3.290417
289.981720	1.955157
290.982697	14.886697
291.983673	6.309193
292.984650	18.504356
293.985626	30.638908
294.986603	21.829552
295.987579	21.619892
296.988556	25.180435
297.989532	18.123571
298.990509	9.670325
299.991486	13.260582
300.992462	15.197764
301.993439	15.452941
302.994415	3.358519
303.995392	-6.051379
304.996368	-2.276055
305.997345	-7.298522
306.998322	3.326341
307.999298	10.146360
309.000275	10.543307
310.001251	11.844496
311.002228	13.124812
312.003204	12.685796
313.004181	1.792486
314.005157	0.432495
315.006134	-0.313428
316.007111	3.139909
317.008087	0.227955
318.009064	-7.227406
319.010040	-0.838793
320.011017	-0.434676
321.011993	-1.991318
322.012970	-2.848842
323.013947	4.713666
324.014923	13.723642
325.015900	9.462775
326.016876	2.244360
327.017853	1.456385
328.018829	3.191958
329.019806	-3.339599
330.020782	-4.993156
331.021759	-0.083032
332.022736	-1.913447
333.023712	-7.446565
334.024689	-3.803121
335.025665	-0.635908
336.026642	0.720653
337.027618	-1.157876
338.028595	0.133492
339.029572	1.974631
340.030548	0.139498
341.031525	1.230022
342.032501	1.364275
343.033478	3.030736
344.034454	4.876005
345.035431	-1.826440
346.036407	-5.919081
347.037384	-4.868937
348.038361	-2.887886
349.039337	-1.628000
350.040314	-1.000023
351.041290	-5.777437
352.042267	-7.936022
353.043243	-6.576428
354.044220	-7.158539
355.045197	-7.363605
356.046173	-4.119649
357.047150	-2.442297
358.048126	1.965544
359.049103	6.316720
360.050079	3.728526
361.051056	4.634264
362.052032	6.712280
363.053009	5.351274
364.053986	4.052664
365.054962	2.757322
366.055939	2.592274
367.056915	0.489739
368.057892	4.076906
369.058868	2.823490
370.059845	1.266006
371.060822	1.147779
372.061798	-2.127915
373.062775	-7.252594
374.063751	-3.223996
375.064728	0.038973
376.065704	-1.038064
377.066681	-1.307309
378.067657	1.209327
379.068634	-0.442452
380.069611	-2.632524
381.070587	-2.454366
382.071564	-2.080118
383.072540	-2.132200
384.073517	-1.969770
385.074493	-0.959359
386.075470	-0.723488
387.076447	1.656496
388.077423	3.937021
389.078400	3.198313
390.079376	4.837770
391.080353	5.114707
392.081329	2.959206
393.082306	4.338940
394.083282	5.702133
395.084259	5.031389
396.085236	4.168786
397.086212	5.581037
398.087189	5.045153
399.088165	1.367814
400.089142	2.856961
401.090118	2.472433
402.091095	-0.255312
403.092072	0.204761
404.093048	-1.007918
405.094025	-0.029230
406.095001	3.434909
407.095978	2.979645
408.096954	3.942857
409.097931	3.984898
410.098907	2.188629
411.099884	2.219905
412.100861	3.499145
413.101837	4.201782
414.102814	1.267063
415.103790	1.190975
416.104767	2.787023
417.105743	3.695607
418.106720	1.146133
419.107697	-1.739936
420.108673	-1.101453
421.109650	-0.835208
422.110626	-4.178901
423.111603	-3.895670
424.112579	-2.168658
425.113556	-3.919143
426.114532	-3.895594
427.115509	0.234209
428.116486	0.384195
429.117462	-1.687755
430.118439	-1.719439
431.119415	-0.991369
432.120392	1.700132
433.121368	-1.589791
434.122345	-1.361668
435.123322	1.510762
436.124298	0.378885
437.125275	0.283337
438.126251	-1.148785
439.127228	-1.642229
440.128204	-2.141928
441.129181	-5.188818
442.130157	-4.569252
443.131134	-4.717369
444.132111	-4.131671
445.133087	-2.876439
446.134064	-2.922257
447.135040	-2.127115
448.136017	-0.471366
449.136993	-1.390294
450.137970	-1.596144
451.138947	0.454780
452.139923	-0.962655
453.140900	0.690299
454.141876	2.824131
455.142853	2.312433
456.143829	2.075652
457.144806	2.129048
458.145782	1.882640
459.146759	0.517919
460.147736	-0.813740
461.148712	0.395522
462.149689	-0.356731
463.150665	-1.829975
464.151642	-0.683875
465.152618	-0.738046
466.153595	-1.236104
467.154572	-1.588754
468.155548	-0.397445
469.156525	-0.366859
470.157501	-1.051686
471.158478	-1.423101
472.159454	-1.396594
473.160431	-1.750111
474.161407	-1.952241
475.162384	-0.906964
476.163361	-0.634805
477.164337	-1.694182
478.165314	-1.758544
479.166290	-0.921501
480.167267	-1.461088
481.168243	-1.026720
482.169220	-0.786367
483.170197	0.364627
484.171173	0.694231
485.172150	0.466253
486.173126	0.676250
487.174103	-0.027528
488.175079	-1.718952
489.176056	-1.916560
490.177032	-0.863273
491.178009	-2.146109
492.178986	-2.466668
493.179962	-1.135242
494.180939	-1.949202
495.181915	-3.100210
496.182892	-2.917303
497.183868	-2.221676
498.184845	-2.102085
499.185822	-2.792824
500.186798	-1.589488
501.187775	-0.784110
502.188751	-1.256373
503.189728	-0.697862
504.190704	-0.047054
505.191681	-0.251587
506.192657	-1.437444
507.193634	-0.752460
508.194611	-0.969111
509.195587	-0.859788
510.196564	-0.441460
511.197540	0.101363
512.198486	0.345818
513.199463	-0.209197
514.200439	0.376716
515.201416	-0.904760
516.202393	-0.840153
517.203369	-0.617152
518.204346	-1.511002
519.205322	-1.081053
520.206299	-1.397917
521.207275	-1.246690
522.208252	-1.300663
523.209229	-0.994292
524.210205	-0.008797
525.211182	-0.013873
526.212158	-0.399268
527.213135	-0.659786
528.214111	-0.799245
529.215088	-1.293931
530.216064	-1.570350
531.217041	-2.057470
532.218018	-1.660550
533.218994	-1.439411
534.219971	-1.426456
535.220947	-0.678711
536.221924	-0.536639
537.222900	0.029160
538.223877	0.196430
539.224854	1.295346
540.225830	1.734810
541.226807	2.966843
542.227783	2.812728
543.228760	2.892508
544.229736	2.792698
545.230713	2.681641
546.231689	2.628752
547.232666	2.464483
548.233643	1.476816
549.234619	0.758800
550.235596	0.490490
551.236572	0.236407
552.237549	-0.557825
553.238525	0.294286
554.239502	0.445102
555.240479	1.202635
556.241455	1.189970
557.242432	1.356440
558.243408	1.415031
559.244385	1.033741
560.245361	0.803977
561.246338	0.515440
562.247314	0.545515
563.248291	0.467910
564.249268	0.399572
565.250244	0.840710
566.251221	0.757346
567.252197	0.346240
568.253174	0.156979
569.254150	0.549437
570.255127	0.327713
571.256104	-0.165948
572.257080	-0.125800
573.258057	0.143163
574.259033	0.100386
575.260010	-0.216066
576.260986	0.073141
577.261963	-0.331270
578.262939	-0.520151
579.263916	-0.519496
580.264893	-0.226725
581.265869	0.104480
582.266846	-0.237659
583.267822	-0.294128
584.268799	-0.701430
585.269775	-0.307648
586.270752	-1.335547
587.271729	-1.366956
588.272705	-0.827427
589.273682	-0.565016
590.274658	-0.270674
591.275635	-0.017388
592.276611	0.082794
593.277588	-0.101604
594.278564	-0.714357
595.279541	-0.611877
596.280518	-0.605059
597.281494	-0.570711
598.282471	-0.445137
599.283447	-0.240122
600.284424	-0.008556
601.285400	-0.205218
602.286377	-0.150354
603.287354	0.017404
604.288330	0.092941
605.289307	0.032091
606.290283	-0.151776
607.291260	0.312663
608.292236	0.271011
609.293213	0.256683
610.294189	0.312832
611.295166	0.407230
612.296143	0.472887
613.297119	0.114099
614.298096	0.523454
615.299072	0.553518
616.300049	0.624263
617.301025	0.387963
618.302002	0.598935
619.302979	0.457452
620.303955	0.281072
621.304932	0.283913
622.305908	0.107970
623.306885	0.326168
624.307861	0.034502
625.308838	-0.096941
626.309814	0.008110
627.310791	0.000312
628.311768	-0.570253
629.312744	-0.529210
630.313721	-0.238255
631.314697	-0.106332
632.315674	-0.344648
633.316650	-0.566676
634.317627	-0.461373
635.318604	-0.390371
636.319580	-0.418823
637.320557	-0.654063
638.321533	-0.492668
639.322510	-0.652339
640.323486	-0.741627
641.324463	-0.528073
642.325439	-0.519524
643.326416	-0.498964
644.327393	-0.468014
645.328369	-0.384320
646.329346	-0.568926
647.330322	-0.511255
648.331299	-0.634695
649.332275	-0.639087
650.333252	-0.327034
651.334229	-0.590104
652.335205	-0.526120
653.336182	-0.191056
654.337158	0.021420
655.338135	-0.113865
656.339111	-0.242401
657.340088	0.062755
658.341064	0.167718
659.342041	-0.088301
660.343018	-0.038836
661.343994	0.214754
662.344971	0.108702
663.345947	0.000236
664.346924	0.341760
665.347900	0.396272
666.348877	0.520333
667.349854	0.537555
668.350830	0.813844
669.351807	1.009116
670.352783	0.810658
671.353760	0.860254
672.354736	1.142170
673.355713	1.030373
674.356689	0.934274
675.357666	1.036977
676.358643	1.075901
677.359619	1.197107
678.360596	0.929558
679.361572	1.239019
680.362549	1.027934
681.363525	1.071716
682.364502	0.717553
683.365479	0.646825
684.366455	0.601581
685.367432	0.321215
686.368408	0.238389
687.369385	0.118205
688.370361	0.193241
689.371338	-0.061186
690.372314	-0.121062
691.373291	-0.255415
692.374268	-0.096081
693.375244	-0.337972
694.376221	-0.428199
695.377197	-0.235089
696.378174	-0.135869
697.379150	-0.349727
698.380127	-0.207269
699.381104	0.024023
700.382080	0.035346
701.383057	-0.171316
702.384033	0.020359
703.385010	0.197284
704.385986	0.079641
705.386963	0.047976
706.387939	0.153987
707.388916	0.355897
708.389893	0.162337
709.390869	0.235064
710.391846	0.441222
711.392822	0.582205
712.393799	0.542848
713.394775	0.723807
714.395752	0.973599
715.396729	1.044792
716.397705	0.946631
717.398682	1.142857
718.399658	1.095711
719.400635	1.111210
720.401611	0.791382
721.402588	0.822454
722.403564	0.766615
723.404541	0.515742
724.405518	0.404087
725.406494	0.334449
726.407471	0.384216
727.408447	0.087002
728.409424	0.060986
729.410400	-0.051661
730.411377	-0.074667
731.412354	-0.393247
732.413330	-0.332820
733.414307	-0.415598
734.415283	-0.313099
735.416260	-0.475756
736.417236	-0.306461
737.418213	-0.156507
738.419189	-0.110310
739.420166	-0.072803
740.421143	0.046735
741.422119	0.250230
742.423096	0.135584
743.424072	0.285360
744.425049	0.236182
745.426025	0.442220
746.427002	0.182826
747.427979	0.265684
748.428955	0.173078
749.429932	0.183069
750.430908	-0.053025
751.431885	-0.068172
752.432861	-0.098660
753.433838	-0.183604
754.434814	-0.262031
755.435791	-0.291826
756.436768	-0.209109
757.437744	-0.329615
758.438721	-0.235805
759.439697	-0.253801
760.440674	-0.057670
761.441650	-0.204199
762.442627	-0.061822
763.443604	-0.124963
764.444580	-0.013166
765.445557	-0.138685
766.446533	-0.062840
767.447510	-0.030137
768.448486	0.013707
769.449463	0.068841
770.450439	0.077368
771.451416	0.164994
772.452393	0.119010
773.453369	0.087240
774.454346	0.024498
775.455322	0.056201
776.456299	-0.034164
777.457275	0.020141
778.458252	-0.023244
779.459229	0.152897
780.460205	0.055425
781.461182	0.239221
782.462158	0.143681
783.463135	0.311063
784.464111	0.205527
785.465088	0.203527
786.466064	0.189748
787.467041	0.137672
788.468018	0.146795
789.468994	0.051553
790.469971	0.200289
791.470947	0.134106
792.471924	0.279523
793.472900	0.208295
794.473877	0.371740
795.474854	0.286502
796.475830	0.372158
797.476807	0.249673
798.477783	0.380736
799.478760	0.270628
800.479736	0.319714
801.480713	0.268975
802.481689	0.326140
803.482666	0.321628
804.483643	0.219383
805.484619	0.324030
806.485596	0.174884
807.486572	0.279402
808.487549	0.039410
809.488525	0.190821
810.489502	0.012298
811.490479	0.095603
812.491455	-0.058992
813.492432	0.051122
814.493408	-0.000877
815.494385	-0.021424
816.495361	-0.001682
817.496338	-0.045195
818.497314	0.056996
819.498291	-0.095635
820.499268	0.050458
821.500244	-0.020053
822.501221	0.098641
823.502197	0.009640
824.503174	0.118448
825.504150	0.106903
826.505127	0.140920
827.506104	0.086627
828.507080	0.125098
829.508057	0.124772
830.509033	0.099235
831.510010	0.070088
832.510986	0.070695
833.511963	0.098371
834.512939	0.012462
835.513916	0.012351
836.514893	-0.036703
837.515869	-0.023853
838.516846	-0.146530
839.517822	-0.130161
840.518799	-0.161419
841.519775	-0.149234
842.520752	-0.195188
843.521729	-0.162536
844.522705	-0.118480
845.523682	-0.116109
846.524658	-0.127278
847.525635	-0.112011
848.526611	-0.082299
849.527588	-0.120957
850.528564	-0.178335
851.529541	-0.148876
852.530518	-0.176418
853.531494	-0.173971
854.532471	-0.213585
855.533447	-0.118883
856.534424	-0.109355
857.535400	-0.069287
858.536377	-0.040482
859.537354	0.032786
860.538330	0.093168
861.539307	0.058617
862.540283	0.159193
863.541260	0.166910
864.542236	0.258889
865.543213	0.189827
866.544189	0.293162
867.545166	0.264607
868.546143	0.291490
869.547119	0.194194
870.548096	0.230026
871.549072	0.184282
872.550049	0.151495
873.551025	0.081740
874.552002	0.105299
875.552979	0.086307
876.553955	0.029589
877.554932	0.027750
878.555908	0.019925
879.556885	0.066286
880.557861	-0.018026
881.558838	0.086544
882.559814	0.073165
883.560791	0.183287
884.561768	0.120304
885.562744	0.244497
886.563721	0.239061
887.564697	0.288698
888.565674	0.219145
889.566650	0.274442
890.567627	0.236422
891.568604	0.209892
892.569580	0.138824
893.570557	0.131710
894.571533	0.093237
895.572510	-0.006485
896.573486	-0.050884
897.574463	-0.118337
898.575439	-0.136370
899.576416	-0.269019
900.577393	-0.252278
901.578369	-0.321467
902.579346	-0.274164
903.580322	-0.391463
904.581299	-0.279028
905.582275	-0.334461
906.583252	-0.217192
907.584229	-0.306019
908.585205	-0.148307
909.586182	-0.154125
910.587158	-0.060935
911.588135	-0.045169
912.589111	0.055664
913.590088	0.167022
914.591064	0.156365
915.592041	0.293401
916.593018	0.267835
917.593994	0.410880
918.594971	0.269987
919.595947	0.385694
920.596924	0.270214
921.597900	0.355644
922.598877	0.206808
923.599854	0.291915
924.600830	0.240176
925.601807	0.277235
926.602783	0.221020
927.603760	0.235629
928.604736	0.246492
929.605713	0.165379
930.606689	0.161931
931.607666	0.080423
932.608643	0.128894
933.609619	-0.001459
934.610596	0.051790
935.611572	-0.022556
936.612549	0.062820
937.613525	-0.042260
938.614502	0.020029
939.615479	-0.015990
940.616455	0.009045
941.617432	-0.053031
942.618408	-0.065180
943.619385	-0.046926
944.620361	-0.100762
945.621338	-0.102355
946.622314	-0.139961
947.623291	-0.085647
948.624268	-0.145291
949.625244	-0.132588
950.626221	-0.142876
951.627197	-0.104312
952.628174	-0.139431
953.629150	-0.124082
954.630127	-0.099625
955.631104	-0.069143
956.632080	-0.076208
957.633057	-0.063378
958.634033	-0.014693
959.635010	-0.022101
960.635986	-0.013457
961.636963	-0.035950
962.637939	0.023244
963.638916	-0.027276
964.639893	-0.000573
965.640869	-0.024018
966.641846	0.032311
967.642822	0.012666
968.643799	0.011925
969.644775	0.062537
970.645752	0.037472
971.646729	0.097395
972.647705	0.000638
973.648682	0.120558
974.649658	0.004623
975.650635	0.085442
976.651611	-0.033889
977.652588	0.053717
978.653564	-0.021301
979.654541	-0.015811
980.655518	-0.019114
981.656494	-0.029574
982.657471	0.022481
983.658447	-0.065564
984.659424	0.045802
985.660400	-0.050664
986.661377	0.061992
987.662354	-0.074744
988.663330	0.062380
989.664307	-0.045729
990.665283	0.055141
991.666260	-0.040777
992.667236	0.059156
993.668213	0.004629
994.669189	0.034935
995.670166	0.006830
996.671143	0.010712
997.672119	0.017927
998.673096	-0.046294
999.674072	0.004819
