# id:                 13
# size:               9000
# coupling constant:  1.000000E+00
# inhomogenity Delta: 1.500000E+00
0.010000	564.923096
1.009999	606.117126
2.009999	730.143372
3.009998	952.956177
4.009997	1299.491577
5.010020	1802.797729
6.010043	2488.495605
7.010066	3337.677002
8.010088	4206.579590
9.010111	4785.383789
10.010134	4771.406250
11.010157	4187.543457
12.010180	3357.417969
13.010202	2561.354736
14.010225	1934.610840
15.010248	1500.777466
16.010271	1240.054443
17.010294	1127.927490
18.010317	1131.806274
19.010340	1200.782471
20.010363	1262.508057
21.010386	1239.159668
22.010408	1101.259888
23.010431	897.828064
24.010454	712.234619
25.010477	568.154236
26.010500	478.093018
27.010523	430.306641
28.010546	397.989014
29.010569	371.833496
30.010592	333.070831
31.010614	260.921814
32.010635	181.038040
33.010468	106.188080
34.010300	56.308899
35.010132	51.644447
36.009964	81.936462
37.009796	123.422256
38.009628	160.478058
39.009460	175.038254
40.009293	153.411118
41.009125	114.659660
42.008957	86.178169
43.008789	80.272491
44.008621	80.835663
45.008453	87.105621
46.008286	87.144806
47.008118	72.225304
48.007950	55.641323
49.007782	52.314842
50.007614	43.017044
51.007446	36.174454
52.007278	26.140184
53.007111	27.254213
54.006943	37.985630
55.006775	33.010723
56.006607	32.305695
57.006439	45.968235
58.006271	47.818523
59.006104	40.780922
60.005936	42.833405
61.005768	46.172764
62.005600	48.722347
63.005432	42.667427
64.005264	37.319996
65.005478	38.573463
66.005692	37.575615
67.005905	21.072332
68.006119	-0.558641
69.006332	0.560362
70.006546	10.066624
71.006760	22.140947
72.006973	34.137600
73.007187	49.265434
74.007401	79.894363
75.007614	96.092506
76.007828	98.139687
77.008041	95.371887
78.008255	82.103638
79.008469	56.536823
80.008682	50.064423
81.008896	49.808220
82.009109	46.707870
83.009323	50.709534
84.009537	42.613350
85.009750	42.483765
86.009964	68.813477
87.010178	76.697548
88.010391	65.432808
89.010605	53.275974
90.010818	42.278011
91.011032	26.634567
92.011246	7.816040
93.011459	-8.178734
94.011673	-15.415144
95.011887	-32.240013
96.012100	-39.860367
97.012314	-44.960236
98.012527	-26.650297
99.012741	-42.798141
100.012955	-71.091110
101.013168	-95.138535
102.013382	-93.050148
103.013596	-80.857643
104.013809	-66.482742
105.014023	-45.463013
106.014236	-31.418428
107.014450	-13.662529
108.014664	13.914113
109.014877	34.575928
110.015091	24.056366
111.015305	12.554668
112.015518	19.272444
113.015732	31.186632
114.015945	25.093826
115.016159	21.339155
116.016373	18.703255
117.016586	16.288809
118.016800	2.872106
119.017014	-9.750428
120.017227	-12.792933
121.017441	-18.459854
122.017654	-32.343998
123.017868	-51.078480
124.018082	-42.023243
125.018295	-5.668964
126.018509	10.635418
127.018723	-3.499671
128.018921	-24.505009
129.018372	-6.285385
130.017822	17.237751
131.017273	5.970846
132.016724	-2.263870
133.016174	3.396974
134.015625	-50.680317
135.015076	-102.052078
136.014526	-110.522789
137.013977	-84.731987
138.013428	-74.214867
139.012878	-79.371346
140.012329	-50.199852
141.011780	-51.524582
142.011230	-76.615288
143.010681	-63.634922
144.010132	-44.855057
145.009583	-28.988682
146.009033	-23.351774
147.008484	-16.580671
148.007935	-7.459665
149.007385	8.907029
150.006836	-2.791339
151.006287	-1.838006
152.005737	-1.991361
153.005188	-19.299984
154.004639	-49.331646
155.004089	-74.715118
156.003540	-74.108788
157.002991	-85.917099
158.002441	-69.090988
159.001892	-9.235872
160.001343	18.343723
161.000793	27.616051
162.000244	17.871794
162.999695	15.688826
163.999146	28.408520
164.998596	43.095562
165.998047	14.819904
166.997498	-11.660798
167.996948	-19.998028
168.996399	6.522489
169.995850	35.052006
170.995300	75.388115
171.994751	86.704063
172.994202	66.599426
173.993652	37.627094
174.993103	44.151093
175.992554	49.614758
176.992004	59.495720
177.991455	48.535282
178.990906	18.219395
179.990356	8.576663
180.989807	-18.858833
181.989258	-4.628680
182.988708	-0.061861
183.988159	16.375839
184.987610	18.029043
185.987061	16.487190
186.986511	11.760027
187.985962	19.675739
188.985413	23.663092
189.984863	3.465389
190.984314	-12.068989
191.983765	-25.314114
192.983215	-9.357412
193.982666	-8.290950
194.982117	2.037206
195.981567	-8.754894
196.981018	1.075332
197.980469	-6.827497
198.979919	8.623388
199.979370	14.732114
200.978821	-19.254940
201.978271	-33.064304
202.977722	-39.690849
203.977173	5.926221
204.976624	-0.428491
205.976074	5.597266
206.975525	10.839214
207.974976	23.354643
208.974426	1.062351
209.973877	17.650711
210.973328	5.089754
211.972778	4.648269
212.972229	5.689487
213.971680	-16.692617
214.971130	-28.993376
215.970581	-46.208000
216.970032	-46.304623
217.969482	-22.869812
218.968933	-21.539246
219.968384	-24.949583
220.967834	-25.058039
221.967285	-23.023176
222.966736	-6.548835
223.966187	36.132084
224.965637	37.653660
225.965088	17.492296
226.964539	11.982942
227.963989	20.548105
228.963440	3.929033
229.962891	14.275915
230.962341	29.163351
231.961792	3.411608
232.961243	-19.919977
233.960693	0.136295
234.960144	9.747451
235.959595	24.013039
236.959045	-1.945250
237.958496	-2.336740
238.957947	-22.133657
239.957397	-26.079882
240.956848	-45.274723
241.956299	-39.864182
242.955750	-23.947844
243.955200	-19.076662
244.954651	-10.673055
245.954102	-1.076233
246.953552	0.574870
247.953003	-2.038897
248.952454	2.940877
249.951904	15.983870
250.951355	15.460367
251.950806	13.589618
252.950256	4.199263
253.949707	1.358878
254.949158	-4.647103
255.948608	-7.071719
256.949493	-20.021105
257.950470	-19.536856
258.951447	-15.021749
259.952423	-22.755615
260.953400	-8.025558
261.954376	-15.525295
262.955353	-25.033442
263.956329	-3.254638
264.957306	1.395292
265.958282	2.218013
266.959259	-9.537253
267.960236	2.937569
268.961212	6.804706
269.962189	4.414082
270.963165	-5.730775
271.964142	-6.782974
272.965118	4.246027
273.966095	4.388775
274.967072	-1.069543
275.968048	10.261246
276.969025	17.831963
277.970001	14.849329
278.970978	20.124311
279.971954	26.838614
280.972931	17.807804
281.973907	7.665619
282.974884	14.318998
283.975861	9.476552
284.976837	-1.955406
285.977814	1.921797
286.978790	9.602987
287.979767	18.225447
288.980743	8.264729
289.981720	5.985514
290.982697	13.013185
291.983673	9.979879
292.984650	11.160996
293.985626	-0.955286
294.986603	-0.888575
295.987579	-2.324095
296.988556	-4.648605
297.989532	3.739287
298.990509	7.238059
299.991486	0.351554
300.992462	-3.490019
301.993439	-2.555536
302.994415	-5.126186
303.995392	1.168372
304.996368	8.855342
305.997345	13.184183
306.998322	11.237854
307.999298	17.306747
309.000275	18.754145
310.001251	9.579007
311.002228	16.519388
312.003204	21.921316
313.004181	13.139039
314.005157	7.709269
315.006134	5.873946
316.007111	4.656411
317.008087	1.438102
318.009064	-1.123390
319.010040	-3.142942
320.011017	-2.899578
321.011993	-2.293506
322.012970	-2.128194
323.013947	-1.905198
324.014923	0.008810
325.015900	3.842159
326.016876	4.806319
327.017853	10.295797
328.018829	6.710987
329.019806	3.872887
330.020782	-2.610852
331.021759	-8.689510
332.022736	-4.858350
333.023712	-7.996336
334.024689	-11.721657
335.025665	-11.564404
336.026642	-15.946213
337.027618	-8.015169
338.028595	-1.764416
339.029572	-4.851685
340.030548	-7.445004
341.031525	-3.739650
342.032501	-2.893382
343.033478	-2.292273
344.034454	-3.078207
345.035431	-1.645342
346.036407	-6.852235
347.037384	-6.434612
348.038361	-3.061806
349.039337	-9.554304
350.040314	-9.453371
351.041290	-5.935686
352.042267	-2.718548
353.043243	-4.495652
354.044220	-2.871090
355.045197	0.896099
356.046173	4.575558
357.047150	6.628076
358.048126	5.939389
359.049103	3.701761
360.050079	0.324337
361.051056	-0.946354
362.052032	-3.063626
363.053009	-3.575202
364.053986	-2.165477
365.054962	-1.551747
366.055939	2.041473
367.056915	2.931346
368.057892	2.757318
369.058868	0.259548
370.059845	-0.495700
371.060822	-0.492582
372.061798	0.488885
373.062775	1.407874
374.063751	1.782590
375.064728	0.068746
376.065704	0.815383
377.066681	-0.031510
378.067657	-2.183458
379.068634	0.672579
380.069611	0.090734
381.070587	-0.395223
382.071564	0.853888
383.072540	-1.384013
384.073517	-4.574577
385.074493	-3.719379
386.075470	-2.454239
387.076447	-0.938114
388.077423	-0.824697
389.078400	2.230540
390.079376	5.115644
391.080353	2.582875
392.081329	2.050926
393.082306	2.885407
394.083282	-0.745233
395.084259	-1.538496
396.085236	-0.761258
397.086212	-2.956249
398.087189	-4.610499
399.088165	-2.903870
400.089142	-2.186110
401.090118	-5.689617
402.091095	-4.881045
403.092072	-3.196729
404.093048	-3.096855
405.094025	-1.822123
406.095001	0.190833
407.095978	2.598330
408.096954	2.876706
409.097931	2.977530
410.098907	7.372579
411.099884	6.113329
412.100861	4.069603
413.101837	3.903821
414.102814	3.542560
415.103790	2.226118
416.104767	-1.370489
417.105743	-2.200455
418.106720	-1.175628
419.107697	-2.277323
420.108673	-3.062912
421.109650	-3.272297
422.110626	-1.424179
423.111603	-0.786823
424.112579	-3.119986
425.113556	-2.880989
426.114532	-1.482792
427.115509	-1.197671
428.116486	-3.979084
429.117462	-3.379745
430.118439	-1.889313
431.119415	-3.644394
432.120392	-3.706426
433.121368	-3.311305
434.122345	-2.778218
435.123322	-2.390145
436.124298	-2.612972
437.125275	-3.144045
438.126251	-4.246819
439.127228	-3.223873
440.128204	-2.522305
441.129181	-2.072377
442.130157	-1.214453
443.131134	-1.877221
444.132111	-1.729286
445.133087	-1.027365
446.134064	-0.292787
447.135040	-0.920257
448.136017	-0.766419
449.136993	0.159411
450.137970	-0.652547
451.138947	0.161736
452.139923	0.779594
453.140900	-0.189122
454.141876	-0.030961
455.142853	1.284720
456.143829	0.042151
457.144806	-1.423357
458.145782	-0.413457
459.146759	-1.001301
460.147736	-2.024334
461.148712	-2.933300
462.149689	-2.951943
463.150665	-1.372030
464.151642	-2.225952
465.152618	-1.242751
466.153595	-0.188102
467.154572	1.285618
468.155548	-0.323893
469.156525	-1.803027
470.157501	-1.013072
471.158478	-0.909202
472.159454	-0.345425
473.160431	-0.092258
474.161407	0.390956
475.162384	-0.332771
476.163361	-1.567479
477.164337	0.002803
478.165314	0.337486
479.166290	0.994147
480.167267	1.098525
481.168243	0.717544
482.169220	0.549363
483.170197	-0.318125
484.171173	-0.424127
485.172150	0.017773
486.173126	0.021272
487.174103	-1.598683
488.175079	-1.303336
489.176056	-1.000826
490.177032	-1.260115
491.178009	-1.584594
492.178986	-2.066315
493.179962	-1.585490
494.180939	-1.798868
495.181915	-1.510578
496.182892	-1.726419
497.183868	-1.522183
498.184845	-2.499928
499.185822	-3.070755
500.186798	-3.070643
501.187775	-1.418906
502.188751	-1.441980
503.189728	-1.615477
504.190704	-0.376345
505.191681	-0.663441
506.192657	-0.611059
507.193634	-0.567073
508.194611	-0.354616
509.195587	-0.676029
510.196564	-1.605374
511.197540	-1.359244
512.198486	-1.223945
513.199463	-1.142047
514.200439	-1.057687
515.201416	-0.882342
516.202393	-0.446756
517.203369	-0.588146
518.204346	-1.023840
519.205322	-0.968892
520.206299	-0.294599
521.207275	-0.898887
522.208252	-0.674793
523.209229	0.244619
524.210205	-0.334629
525.211182	-0.880110
526.212158	-1.127487
527.213135	0.270449
528.214111	-0.667970
529.215088	-0.247126
530.216064	-0.066732
531.217041	0.126219
532.218018	-0.610657
533.218994	-1.053209
534.219971	-1.244082
535.220947	-0.991634
536.221924	-1.073858
537.222900	-0.975396
538.223877	-0.214195
539.224854	-0.586901
540.225830	-1.141760
541.226807	-1.410763
542.227783	-1.126864
543.228760	-1.491856
544.229736	-1.204026
545.230713	-1.112246
546.231689	-0.650189
547.232666	0.130546
548.233643	-0.079231
549.234619	0.525994
550.235596	1.062147
551.236572	0.714873
552.237549	0.820517
553.238525	0.974795
554.239502	1.132176
555.240479	1.013589
556.241455	1.005367
557.242432	0.942432
558.243408	0.730062
559.244385	0.247349
560.245361	0.333718
561.246338	0.214936
562.247314	0.059429
563.248291	-0.149763
564.249268	-0.293846
565.250244	0.001015
566.251221	-0.753676
567.252197	-0.812252
568.253174	-0.591350
569.254150	-0.960104
570.255127	-1.141224
571.256104	-1.387573
572.257080	-1.225027
573.258057	-1.264875
574.259033	-1.146593
575.260010	-0.942607
576.260986	-0.805366
577.261963	-0.660899
578.262939	-0.750663
579.263916	-0.845217
580.264893	-0.678383
581.265869	-0.637567
582.266846	-1.106564
583.267822	-0.798311
584.268799	-0.843714
585.269775	-0.983016
586.270752	-0.649633
587.271729	-0.585532
588.272705	-0.441405
589.273682	-0.427526
590.274658	-0.167420
591.275635	-0.448035
592.276611	-0.234909
593.277588	-0.408918
594.278564	-0.247732
595.279541	-0.331524
596.280518	-0.442039
597.281494	-0.074885
598.282471	-0.105030
599.283447	0.150366
600.284424	0.484356
601.285400	0.634027
602.286377	0.584560
603.287354	0.683190
604.288330	0.480714
605.289307	0.789811
606.290283	0.343967
607.291260	0.487945
608.292236	0.445849
609.293213	0.568282
610.294189	0.335489
611.295166	0.387004
612.296143	0.578531
613.297119	0.118424
614.298096	0.176302
615.299072	-0.228907
616.300049	-0.212707
617.301025	-0.656033
618.302002	-0.678433
619.302979	-0.788468
620.303955	-0.779650
621.304932	-0.912586
622.305908	-0.796769
623.306885	-0.707345
624.307861	-0.707688
625.308838	-0.726961
626.309814	-0.756184
627.310791	-0.534733
628.311768	-0.625418
629.312744	-0.485700
630.313721	-0.477304
631.314697	-0.384863
632.315674	-0.508476
633.316650	-0.470145
634.317627	-0.489209
635.318604	-0.665793
636.319580	-0.394105
637.320557	-0.484165
638.321533	-0.356506
639.322510	-0.187874
640.323486	-0.158206
641.324463	-0.104005
642.325439	-0.176594
643.326416	-0.220439
644.327393	-0.434594
645.328369	-0.443930
646.329346	-0.801451
647.330322	-0.621486
648.331299	-0.796694
649.332275	-0.772950
650.333252	-0.883649
651.334229	-0.687027
652.335205	-0.656584
653.336182	-0.684096
654.337158	-0.445895
655.338135	-0.458359
656.339111	-0.073430
657.340088	-0.472824
658.341064	0.108522
659.342041	-0.064584
660.343018	0.159049
661.343994	-0.022216
662.344971	0.191406
663.345947	0.208955
664.346924	-0.011245
665.347900	0.081549
666.348877	-0.130262
667.349854	0.075450
668.350830	-0.436894
669.351807	-0.244304
670.352783	-0.429431
671.353760	-0.415810
672.354736	-0.778331
673.355713	-0.668052
674.356689	-0.717078
675.357666	-0.843139
676.358643	-0.906744
677.359619	-0.831638
678.360596	-0.671687
679.361572	-0.749846
680.362549	-0.672271
681.363525	-0.484201
682.364502	-0.300080
683.365479	-0.442516
684.366455	-0.260662
685.367432	-0.149102
686.368408	-0.041573
687.369385	-0.196411
688.370361	0.002905
689.371338	0.023761
690.372314	0.107094
691.373291	-0.114490
692.374268	0.033127
693.375244	0.071254
694.376221	-0.084222
695.377197	-0.120091
696.378174	-0.063159
697.379150	0.077515
698.380127	-0.141690
699.381104	0.065021
700.382080	0.083033
701.383057	0.241169
702.384033	0.136470
703.385010	0.226693
704.385986	0.381641
705.386963	0.306812
706.387939	0.217049
707.388916	0.174720
708.389893	0.218392
709.390869	-0.018371
710.391846	-0.166115
711.392822	-0.166107
712.393799	-0.255283
713.394775	-0.364489
714.395752	-0.511170
715.396729	-0.451434
716.397705	-0.525348
717.398682	-0.599266
718.399658	-0.609106
719.400635	-0.533663
720.401611	-0.479301
721.402588	-0.622943
722.403564	-0.454346
723.404541	-0.557653
724.405518	-0.416914
725.406494	-0.645436
726.407471	-0.459900
727.408447	-0.469881
728.409424	-0.474901
729.410400	-0.383536
730.411377	-0.454997
731.412354	-0.202020
732.413330	-0.426240
733.414307	-0.239963
734.415283	-0.407992
735.416260	-0.186928
736.417236	-0.384444
737.418213	-0.256459
738.419189	-0.229349
739.420166	-0.155859
740.421143	-0.079586
741.422119	-0.090429
742.423096	0.100729
743.424072	0.060911
744.425049	0.155404
745.426025	-0.001246
746.427002	0.197439
747.427979	-0.037361
748.428955	0.076161
749.429932	-0.154231
750.430908	0.003320
751.431885	-0.114434
752.432861	-0.145293
753.433838	-0.166683
754.434814	-0.162032
755.435791	-0.108179
756.436768	-0.271486
757.437744	-0.104218
758.438721	-0.137854
759.439697	-0.002095
760.440674	-0.126163
761.441650	0.156497
762.442627	0.132551
763.443604	0.251483
764.444580	0.168211
765.445557	0.366826
766.446533	0.313707
767.447510	0.306892
768.448486	0.275560
769.449463	0.297071
770.450439	0.361168
771.451416	0.168994
772.452393	0.330789
773.453369	0.221408
774.454346	0.386108
775.455322	0.136459
776.456299	0.352841
777.457275	0.225911
778.458252	0.279186
779.459229	0.122800
780.460205	0.151729
781.461182	0.189317
782.462158	0.006557
783.463135	0.076108
784.464111	-0.050753
785.465088	0.103666
786.466064	-0.166781
787.467041	-0.046676
788.468018	-0.145146
789.468994	-0.107194
790.469971	-0.189887
791.470947	-0.199902
792.471924	-0.117257
793.472900	-0.135958
794.473877	-0.125327
795.474854	-0.075064
796.475830	0.033419
797.476807	0.054012
798.477783	0.096801
799.478760	0.184729
800.479736	0.281312
801.480713	0.297603
802.481689	0.322479
803.482666	0.371311
804.483643	0.406647
805.484619	0.360215
806.485596	0.325628
807.486572	0.314261
808.487549	0.303209
809.488525	0.183174
810.489502	0.109588
811.490479	-0.178067
812.491455	-0.417662
813.492432	-0.460665
814.493408	-0.520427
815.494385	-0.348030
816.495361	-0.151201
817.496338	-0.020653
818.497314	0.297702
819.498291	0.249901
820.499268	0.132345
821.500244	-0.042715
822.501221	-0.086578
823.502197	-0.307651
824.503174	-0.348014
825.504150	-0.118766
826.505127	-0.129741
827.506104	0.312494
828.507080	0.129007
829.508057	0.294404
830.509033	0.152593
831.510010	0.196208
832.510986	0.039904
833.511963	-0.136155
834.512939	-0.166018
835.513916	-0.258463
836.514893	-0.288270
837.515869	-0.328890
838.516846	-0.173213
839.517822	-0.268419
840.518799	-0.166114
841.519775	-0.263372
842.520752	-0.111649
843.521729	-0.207725
844.522705	-0.099380
845.523682	-0.137433
846.524658	0.039892
847.525635	-0.022886
848.526611	0.027906
849.527588	0.024460
850.528564	0.080416
851.529541	0.044862
852.530518	-0.013375
853.531494	0.064090
854.532471	0.017560
855.533447	0.053154
856.534424	-0.080345
857.535400	0.055417
858.536377	-0.086218
859.537354	-0.068293
860.538330	-0.210746
861.539307	-0.124604
862.540283	-0.258585
863.541260	-0.244571
864.542236	-0.306821
865.543213	-0.198513
866.544189	-0.208000
867.545166	-0.185979
868.546143	-0.114051
869.547119	-0.064302
870.548096	-0.094918
871.549072	-0.093997
872.550049	0.049238
873.551025	-0.000378
874.552002	0.127165
875.552979	-0.074609
876.553955	0.060328
877.554932	-0.172713
878.555908	0.035649
879.556885	0.004491
880.557861	0.304529
881.558838	0.067486
882.559814	0.123954
883.560791	-0.081312
884.561768	0.024157
885.562744	-0.019207
886.563721	-0.020529
887.564697	0.166765
888.565674	0.125118
889.566650	0.303670
890.567627	0.188904
891.568604	0.337739
892.569580	0.245398
893.570557	0.221021
894.571533	0.045583
895.572510	0.168665
896.573486	-0.052777
897.574463	0.057352
898.575439	-0.044130
899.576416	0.093076
900.577393	0.034107
901.578369	0.115161
902.579346	0.077006
903.580322	0.164473
904.581299	0.154373
905.582275	0.121524
906.583252	0.213785
907.584229	0.127886
908.585205	0.190960
909.586182	0.011316
910.587158	0.168681
911.588135	-0.063291
912.589111	0.093405
913.590088	-0.095649
914.591064	0.114750
915.592041	-0.022201
916.593018	0.106268
917.593994	0.032864
918.594971	0.123761
919.595947	0.085106
920.596924	0.074036
921.597900	0.124957
922.598877	0.061542
923.599854	0.153607
924.600830	0.023071
925.601807	0.176258
926.602783	0.052039
927.603760	0.178255
928.604736	0.084869
929.605713	0.211691
930.606689	0.151733
931.607666	0.227933
932.608643	0.182409
933.609619	0.263992
934.610596	0.235732
935.611572	0.252769
936.612549	0.259533
937.613525	0.241330
938.614502	0.270259
939.615479	0.212702
940.616455	0.219061
941.617432	0.219957
942.618408	0.168966
943.619385	0.178117
944.620361	0.141121
945.621338	0.137953
946.622314	0.133290
947.623291	0.086204
948.624268	0.124989
949.625244	0.090188
950.626221	0.103884
951.627197	0.067417
952.628174	0.099196
953.629150	-0.003248
954.630127	-0.004230
955.631104	-0.194809
956.632080	-0.074897
957.633057	-0.236032
958.634033	-0.098113
959.635010	-0.095003
960.635986	-0.012189
961.636963	0.079450
962.637939	0.111013
963.638916	0.107548
964.639893	-0.047880
965.640869	-0.021699
966.641846	-0.268737
967.642822	-0.180787
968.643799	-0.184684
969.644775	0.009500
970.645752	0.043503
971.646729	0.192702
972.647705	0.085597
973.648682	0.212321
974.649658	0.096084
975.650635	0.256065
976.651611	0.131791
977.652588	0.237718
978.653564	0.117631
979.654541	0.195383
980.655518	0.139209
981.656494	0.142865
982.657471	0.168594
983.658447	0.140280
984.659424	0.195699
985.660400	0.120918
986.661377	0.219346
987.662354	0.091072
988.663330	0.199859
989.664307	0.022204
990.665283	0.174829
991.666260	0.001533
992.667236	0.106527
993.668213	-0.024426
994.669189	0.076887
995.670166	-0.006694
996.671143	0.074442
997.672119	0.024431
998.673096	0.119960
999.674072	0.105605
